event_id= 0 nPixels= 79 E= 0.005 x= -0.000213555008175 y= -0.00113288366795 phi= -0.282656905156 theta= 2.12122054429
0.0625  0.28145  6
0.0375  0.23815  6
0.0125  0.19485  8
0.0375  0.15155  6
0.0625  0.10825  11
0.0125  0.10825  14
0.1125  0.10825  13
0.0875  0.06495  35
0.0375  0.06495  38
-0.0125  0.06495  33
0.1625  0.10825  14
0.1375  0.06495  38
0.1125  0.02165  78
0.0625  0.02165  92
0.0125  0.02165  84
-0.0375  0.02165  49
-0.0625  0.06495  16
0.2125  0.10825  6
0.1875  0.06495  31
0.1625  0.02165  75
0.1375  -0.02165  107
0.0875  -0.02165  109
0.0375  -0.02165  121
-0.0125  -0.02165  79
-0.0625  -0.02165  39
-0.0875  0.02165  25
0.2375  0.06495  24
0.2125  0.02165  64
0.1875  -0.02165  92
0.1625  -0.06495  92
0.1125  -0.06495  103
0.0625  -0.06495  93
0.0125  -0.06495  74
-0.0375  -0.06495  47
-0.0875  -0.06495  12
-0.1125  -0.02165  12
0.2875  0.06495  23
0.2625  0.02165  72
0.2375  -0.02165  129
0.2125  -0.06495  113
0.1875  -0.10825  85
0.1375  -0.10825  58
0.0875  -0.10825  50
0.0375  -0.10825  35
-0.0125  -0.10825  26
-0.0625  -0.10825  20
-0.1625  -0.02165  8
0.3375  0.06495  8
0.3125  0.02165  47
0.2875  -0.02165  111
0.2625  -0.06495  160
0.2375  -0.10825  138
0.2125  -0.15155  57
0.1625  -0.15155  32
0.1125  -0.15155  12
0.0625  -0.15155  10
0.0125  -0.15155  8
0.3625  0.02165  12
0.3375  -0.02165  59
0.3125  -0.06495  129
0.2875  -0.10825  136
0.2625  -0.15155  82
0.2375  -0.19485  24
0.1875  -0.19485  15
0.3875  -0.02165  16
0.3625  -0.06495  80
0.3375  -0.10825  95
0.3125  -0.15155  61
0.2875  -0.19485  22
0.4125  -0.06495  29
0.3875  -0.10825  45
0.3625  -0.15155  30
0.3375  -0.19485  15
0.4375  -0.10825  16
0.4125  -0.15155  14
0.4875  -0.10825  7
0.5125  -0.06495  8
0.5375  -0.10825  7
0.4875  -0.02165  7
event_id= 1 nPixels= 58 E= -1.0 x= -0.0614592564529 y= -0.0846554983967 phi= 2.60090491589 theta= 2.78238378983
0.0125  0.19485  11
-0.0125  0.15155  9
0.0125  0.10825  18
-0.0375  0.10825  11
0.0625  0.10825  7
0.0375  0.06495  17
-0.0125  0.06495  27
-0.0625  0.06495  28
-0.0875  0.10825  8
0.1125  0.10825  12
0.0875  0.06495  14
0.0625  0.02165  18
0.0125  0.02165  19
-0.0375  0.02165  40
-0.0875  0.02165  40
-0.1125  0.06495  25
-0.1375  0.10825  10
-0.1125  0.15155  10
0.1375  0.06495  6
0.1125  0.02165  17
0.0875  -0.02165  18
0.0375  -0.02165  24
-0.0125  -0.02165  46
-0.0625  -0.02165  51
-0.1125  -0.02165  44
-0.1375  0.02165  29
-0.1625  0.06495  7
0.1625  0.02165  6
0.1375  -0.02165  23
0.0625  -0.06495  9
0.0125  -0.06495  41
-0.0375  -0.06495  53
-0.0875  -0.06495  52
-0.1375  -0.06495  26
-0.1625  -0.02165  17
-0.1875  0.02165  16
-0.2125  0.06495  6
0.0875  -0.10825  15
0.0375  -0.10825  29
-0.0125  -0.10825  55
-0.0625  -0.10825  45
-0.1125  -0.10825  20
-0.1625  -0.10825  10
-0.1875  -0.06495  10
-0.2125  -0.02165  7
-0.2375  0.02165  6
0.0625  -0.15155  10
0.0125  -0.15155  29
-0.0375  -0.15155  27
-0.0875  -0.15155  19
-0.1375  -0.15155  8
-0.2375  -0.06495  7
-0.0125  -0.19485  25
-0.0625  -0.19485  18
-0.1125  -0.19485  12
-0.2625  -0.10825  6
-0.2875  -0.06495  6
-0.0375  -0.23815  6
event_id= 2 nPixels= 60 E= 0.005 x= 0.0013004412651 y= 0.000258520811796 phi= -3.10179892803 theta= 1.72483185582
-0.2625  0.15155  6
-0.2375  0.10825  36
-0.2875  0.10825  32
-0.1875  0.10825  15
-0.2125  0.06495  109
-0.2625  0.06495  112
-0.3125  0.06495  52
-0.3375  0.10825  7
-0.1375  0.10825  6
-0.1625  0.06495  66
-0.1875  0.02165  194
-0.2375  0.02165  231
-0.2875  0.02165  142
-0.3375  0.02165  38
-0.0875  0.10825  17
-0.1125  0.06495  56
-0.1375  0.02165  139
-0.1625  -0.02165  207
-0.2125  -0.02165  300
-0.2625  -0.02165  222
-0.3125  -0.02165  86
-0.3625  -0.02165  13
-0.3875  0.02165  7
-0.0375  0.10825  14
-0.0625  0.06495  59
-0.0875  0.02165  113
-0.1125  -0.02165  138
-0.1375  -0.06495  93
-0.1875  -0.06495  179
-0.2375  -0.06495  198
-0.2875  -0.06495  99
-0.3375  -0.06495  24
-0.0125  0.06495  33
-0.0375  0.02165  89
-0.0625  -0.02165  106
-0.0875  -0.06495  72
-0.1125  -0.10825  27
-0.1625  -0.10825  42
-0.2125  -0.10825  67
-0.2625  -0.10825  55
-0.3125  -0.10825  25
0.0375  0.06495  23
0.0125  0.02165  56
-0.0125  -0.02165  75
-0.0375  -0.06495  49
-0.0625  -0.10825  21
-0.0875  -0.15155  6
-0.1375  -0.15155  12
-0.2375  -0.15155  19
0.0625  0.02165  33
0.0375  -0.02165  60
0.0125  -0.06495  43
-0.0125  -0.10825  15
-0.2125  -0.19485  6
0.1125  0.02165  11
0.0875  -0.02165  24
0.0625  -0.06495  28
0.0375  -0.10825  20
0.1375  -0.02165  6
0.1125  -0.06495  8
event_id= 3 nPixels= 108 E= 0.005 x= -0.000345679372551 y= -0.00226751494408 phi= -0.774133477667 theta= 1.8125320127
0.1125  0.10825  7
0.1375  0.06495  8
0.0875  0.06495  11
0.1125  0.02165  11
0.0625  0.02165  22
0.1375  -0.02165  18
0.0875  -0.02165  22
0.0375  -0.02165  17
0.0125  0.02165  11
0.1875  -0.02165  7
0.1625  -0.06495  18
0.1125  -0.06495  27
0.0625  -0.06495  45
0.0125  -0.06495  33
-0.0125  -0.02165  14
-0.0375  0.02165  17
-0.0125  0.06495  7
0.2125  0.02165  6
0.2125  -0.06495  10
0.1875  -0.10825  25
0.1375  -0.10825  42
0.0875  -0.10825  57
0.0375  -0.10825  59
-0.0125  -0.10825  29
-0.0375  -0.06495  12
-0.0625  -0.02165  10
-0.0875  0.02165  8
-0.0625  0.06495  14
0.2625  0.02165  6
0.2375  -0.10825  9
0.2125  -0.15155  38
0.1625  -0.15155  43
0.1125  -0.15155  59
0.0625  -0.15155  77
0.0125  -0.15155  57
-0.0375  -0.15155  18
-0.0625  -0.10825  6
-0.0875  -0.06495  10
-0.1125  -0.02165  13
-0.1375  0.02165  8
0.2875  -0.10825  6
0.2625  -0.15155  8
0.2375  -0.19485  35
0.1875  -0.19485  39
0.1375  -0.19485  55
0.0875  -0.19485  70
0.0375  -0.19485  62
-0.0125  -0.19485  29
-0.0625  -0.19485  8
-0.1625  -0.02165  9
-0.1875  0.02165  7
0.2875  -0.19485  7
0.2625  -0.23815  23
0.2125  -0.23815  41
0.1625  -0.23815  44
0.1125  -0.23815  63
0.0625  -0.23815  66
0.0125  -0.23815  45
-0.0375  -0.23815  10
-0.2125  0.06495  6
0.3125  -0.23815  11
0.2875  -0.28145  15
0.2375  -0.28145  35
0.1875  -0.28145  51
0.1375  -0.28145  70
0.0875  -0.28145  69
0.0375  -0.28145  42
-0.0125  -0.28145  16
0.2625  -0.32475  23
0.2125  -0.32475  48
0.1625  -0.32475  87
0.1125  -0.32475  84
0.0625  -0.32475  68
0.0125  -0.32475  29
-0.0375  -0.32475  23
0.2875  -0.36805  6
0.2375  -0.36805  37
0.1875  -0.36805  68
0.1375  -0.36805  84
0.0875  -0.36805  93
0.0375  -0.36805  56
-0.0125  -0.36805  21
0.3375  -0.36805  8
0.2625  -0.41135  20
0.2125  -0.41135  42
0.1625  -0.41135  83
0.1125  -0.41135  93
0.0625  -0.41135  69
0.0125  -0.41135  18
-0.0375  -0.41135  11
0.2875  -0.45465  8
0.2375  -0.45465  9
0.1875  -0.45465  34
0.1375  -0.45465  64
0.0875  -0.45465  50
0.0375  -0.45465  23
-0.0625  -0.45465  11
-0.0875  -0.41135  12
0.3125  -0.49795  6
0.2125  -0.49795  15
0.1625  -0.49795  15
0.1125  -0.49795  22
0.0625  -0.49795  26
0.0125  -0.49795  7
-0.0875  -0.49795  6
-0.1125  -0.45465  8
0.0875  -0.54125  12
-0.0125  -0.54125  12
event_id= 4 nPixels= 72 E= 0.005 x= -0.000413851678374 y= -2.25062668324e-05 phi= 2.98024223278 theta= 2.12969782339
-0.3875  0.36805  10
-0.3375  0.36805  6
-0.3625  0.32475  6
-0.3125  0.32475  6
-0.3375  0.28145  12
-0.3125  0.23815  12
-0.3625  0.23815  9
-0.2625  0.23815  15
-0.2875  0.19485  40
-0.3375  0.19485  32
-0.3875  0.19485  10
-0.2125  0.23815  8
-0.2375  0.19485  19
-0.2625  0.15155  82
-0.3125  0.15155  115
-0.3625  0.15155  70
-0.4125  0.15155  20
-0.2125  0.15155  32
-0.2375  0.10825  127
-0.2875  0.10825  211
-0.3375  0.10825  211
-0.3875  0.10825  83
-0.4375  0.10825  10
-0.1625  0.15155  6
-0.1875  0.10825  46
-0.2125  0.06495  150
-0.2625  0.06495  223
-0.3125  0.06495  216
-0.3625  0.06495  138
-0.4125  0.06495  40
-0.1375  0.10825  26
-0.1625  0.06495  77
-0.1875  0.02165  132
-0.2375  0.02165  163
-0.2875  0.02165  143
-0.3375  0.02165  77
-0.3875  0.02165  25
-0.0875  0.10825  17
-0.1125  0.06495  45
-0.1375  0.02165  79
-0.1625  -0.02165  67
-0.2125  -0.02165  81
-0.2625  -0.02165  81
-0.3125  -0.02165  32
-0.3625  -0.02165  17
-0.4125  -0.02165  6
-0.0375  0.10825  14
-0.0625  0.06495  41
-0.0875  0.02165  62
-0.1125  -0.02165  47
-0.1375  -0.06495  17
-0.1875  -0.06495  28
-0.2375  -0.06495  9
-0.2875  -0.06495  13
-0.0125  0.06495  26
-0.0375  0.02165  55
-0.0625  -0.02165  52
-0.0875  -0.06495  20
-0.1125  -0.10825  7
0.0125  0.02165  22
-0.0125  -0.02165  37
-0.0375  -0.06495  18
-0.0875  -0.15155  7
0.0375  -0.02165  8
0.0125  -0.06495  16
-0.0125  -0.10825  7
-0.0625  -0.19485  6
0.0625  -0.06495  13
0.0375  -0.10825  15
0.1125  -0.06495  6
0.0875  -0.10825  8
0.0625  -0.15155  8
event_id= 5 nPixels= 51 E= 0.005 x= 0.000695492148397 y= -0.000437415361404 phi= -1.51520425488 theta= 1.47815660678
-0.0125  0.06495  22
0.0375  0.06495  12
0.0125  0.02165  86
-0.0375  0.02165  65
0.0625  0.02165  41
0.0375  -0.02165  154
-0.0125  -0.02165  168
-0.0625  -0.02165  61
-0.0875  0.02165  13
0.0875  -0.02165  46
0.0625  -0.06495  148
0.0125  -0.06495  236
-0.0375  -0.06495  127
-0.0875  -0.06495  24
0.1375  -0.02165  7
0.1125  -0.06495  48
0.0875  -0.10825  173
0.0375  -0.10825  240
-0.0125  -0.10825  158
-0.0625  -0.10825  32
0.1625  -0.06495  10
0.1375  -0.10825  88
0.1125  -0.15155  252
0.0625  -0.15155  232
0.0125  -0.15155  154
-0.0375  -0.15155  43
-0.0875  -0.15155  10
0.1875  -0.10825  23
0.1625  -0.15155  138
0.1375  -0.19485  258
0.0875  -0.19485  240
0.0375  -0.19485  114
-0.0125  -0.19485  28
-0.0625  -0.19485  6
-0.1375  -0.15155  7
0.2125  -0.15155  35
0.1875  -0.19485  92
0.1625  -0.23815  124
0.1125  -0.23815  197
0.0625  -0.23815  103
0.0125  -0.23815  16
0.2375  -0.19485  8
0.2125  -0.23815  19
0.1875  -0.28145  18
0.1375  -0.28145  68
0.0875  -0.28145  63
0.0375  -0.28145  14
0.2875  -0.19485  8
0.1625  -0.32475  9
0.1125  -0.32475  9
0.0625  -0.32475  9
event_id= 6 nPixels= 71 E= 0.005 x= 0.000216414943335 y= -0.00120139491558 phi= 1.32302538356 theta= 1.77676333549
0.0125  0.45465  6
0.0375  0.41135  18
-0.0125  0.41135  30
0.0875  0.41135  6
0.0625  0.36805  41
0.0125  0.36805  61
-0.0375  0.36805  50
-0.0625  0.41135  15
0.1125  0.36805  13
0.0875  0.32475  45
0.0375  0.32475  120
-0.0125  0.32475  105
-0.0625  0.32475  51
-0.0875  0.36805  19
0.1125  0.28145  27
0.0625  0.28145  89
0.0125  0.28145  152
-0.0375  0.28145  128
-0.0875  0.28145  58
-0.1125  0.32475  15
0.1375  0.23815  7
0.0875  0.23815  58
0.0375  0.23815  159
-0.0125  0.23815  203
-0.0625  0.23815  162
-0.1125  0.23815  60
-0.1375  0.28145  8
0.1625  0.19485  10
0.1125  0.19485  49
0.0625  0.19485  143
0.0125  0.19485  253
-0.0375  0.19485  251
-0.0875  0.19485  131
-0.1375  0.19485  32
0.1375  0.15155  31
0.0875  0.15155  85
0.0375  0.15155  193
-0.0125  0.15155  243
-0.0625  0.15155  164
-0.1125  0.15155  60
-0.1625  0.15155  7
0.1625  0.10825  7
0.1125  0.10825  45
0.0625  0.10825  108
0.0125  0.10825  174
-0.0375  0.10825  149
-0.0875  0.10825  67
-0.1375  0.10825  13
0.0875  0.06495  46
0.0375  0.06495  92
-0.0125  0.06495  112
-0.0625  0.06495  82
-0.1125  0.06495  25
0.1125  0.02165  15
0.0625  0.02165  39
0.0125  0.02165  56
-0.0375  0.02165  67
-0.0875  0.02165  40
-0.1375  0.02165  10
0.1625  0.02165  7
0.0875  -0.02165  18
0.0375  -0.02165  40
-0.0125  -0.02165  48
-0.0625  -0.02165  34
-0.1125  -0.02165  15
0.0625  -0.06495  18
0.0125  -0.06495  27
-0.0375  -0.06495  15
-0.0875  -0.06495  8
0.0375  -0.10825  10
-0.0125  -0.10825  12
event_id= 7 nPixels= 65 E= 0.005 x= 0.000330267369746 y= -0.00131414759159 phi= -2.4500451586 theta= 2.8857531677
-0.0625  0.23815  11
-0.0375  0.19485  14
0.0125  0.19485  12
-0.0125  0.15155  35
-0.0625  0.15155  18
0.0625  0.19485  21
0.0375  0.15155  53
0.0125  0.10825  86
-0.0375  0.10825  38
-0.0875  0.10825  9
0.1125  0.19485  27
0.0875  0.15155  66
0.0625  0.10825  131
0.0375  0.06495  138
-0.0125  0.06495  72
-0.0625  0.06495  20
0.1625  0.19485  28
0.1375  0.15155  69
0.1125  0.10825  144
0.0875  0.06495  205
0.0625  0.02165  176
0.0125  0.02165  103
-0.0375  0.02165  38
-0.0875  0.02165  12
0.2125  0.19485  24
0.1875  0.15155  54
0.1625  0.10825  108
0.1375  0.06495  192
0.1125  0.02165  214
0.0875  -0.02165  157
0.0375  -0.02165  115
-0.0125  -0.02165  66
-0.0625  -0.02165  17
-0.1125  -0.02165  10
0.2375  0.23815  6
0.2375  0.15155  25
0.2125  0.10825  59
0.1875  0.06495  101
0.1625  0.02165  153
0.1375  -0.02165  136
0.1125  -0.06495  76
0.0625  -0.06495  77
0.0125  -0.06495  51
-0.0375  -0.06495  26
-0.0875  -0.06495  14
-0.1375  -0.06495  8
0.2875  0.15155  8
0.2625  0.10825  22
0.2375  0.06495  40
0.2125  0.02165  72
0.1875  -0.02165  79
0.1625  -0.06495  41
0.1375  -0.10825  17
0.0875  -0.10825  23
0.0375  -0.10825  18
-0.0125  -0.10825  12
-0.0625  -0.10825  9
0.3125  0.10825  6
0.2875  0.06495  12
0.2625  0.02165  19
0.2375  -0.02165  38
0.2125  -0.06495  20
0.1625  -0.15155  9
0.2875  -0.02165  10
0.1375  -0.19485  6
event_id= 8 nPixels= 86 E= 0.005 x= 0.000309537053106 y= 0.000575113654137 phi= -1.99098676245 theta= 1.13502902673
-0.1625  0.06495  12
-0.1125  0.06495  10
-0.1375  0.02165  41
-0.1875  0.02165  20
-0.0625  0.06495  7
-0.0875  0.02165  34
-0.1125  -0.02165  73
-0.1625  -0.02165  63
-0.2125  -0.02165  34
-0.2375  0.02165  8
-0.0375  0.02165  20
-0.0625  -0.02165  40
-0.0875  -0.06495  59
-0.1375  -0.06495  87
-0.1875  -0.06495  88
-0.2375  -0.06495  78
-0.2625  -0.02165  27
0.0125  0.02165  9
-0.0125  -0.02165  23
-0.0375  -0.06495  42
-0.0625  -0.10825  32
-0.1125  -0.10825  67
-0.1625  -0.10825  83
-0.2125  -0.10825  102
-0.2625  -0.10825  91
-0.2875  -0.06495  48
-0.3125  -0.02165  11
0.0375  -0.02165  11
0.0125  -0.06495  23
-0.0125  -0.10825  22
-0.0375  -0.15155  18
-0.0875  -0.15155  28
-0.1375  -0.15155  45
-0.1875  -0.15155  80
-0.2375  -0.15155  107
-0.2875  -0.15155  107
-0.3125  -0.10825  65
-0.3375  -0.06495  15
0.0875  -0.02165  11
0.0625  -0.06495  10
0.0375  -0.10825  10
-0.0625  -0.19485  10
-0.1125  -0.19485  16
-0.1625  -0.19485  50
-0.2125  -0.19485  88
-0.2625  -0.19485  111
-0.3125  -0.19485  125
-0.3375  -0.15155  60
-0.3625  -0.10825  26
0.1125  0.02165  6
-0.0875  -0.23815  8
-0.1375  -0.23815  33
-0.1875  -0.23815  66
-0.2375  -0.23815  120
-0.2875  -0.23815  159
-0.3375  -0.23815  132
-0.3625  -0.19485  70
-0.3875  -0.15155  19
-0.0625  -0.28145  7
-0.1125  -0.28145  16
-0.1625  -0.28145  34
-0.2125  -0.28145  76
-0.2625  -0.28145  118
-0.3125  -0.28145  139
-0.3625  -0.28145  86
-0.3875  -0.23815  77
-0.4125  -0.19485  26
-0.0875  -0.32475  9
-0.1375  -0.32475  6
-0.1875  -0.32475  22
-0.2375  -0.32475  55
-0.2875  -0.32475  75
-0.3375  -0.32475  60
-0.3875  -0.32475  34
-0.4125  -0.28145  51
-0.4375  -0.23815  25
-0.4625  -0.19485  9
-0.2125  -0.36805  11
-0.2625  -0.36805  23
-0.3125  -0.36805  16
-0.3625  -0.36805  9
-0.4375  -0.32475  18
-0.4625  -0.28145  14
-0.3375  -0.41135  6
-0.3875  -0.41135  6
-0.4125  -0.45465  6
event_id= 9 nPixels= 99 E= 0.005 x= -0.00106613266468 y= 0.00146107947826 phi= -1.79794243348 theta= 2.39901230226
-0.2875  0.19485  6
-0.2375  0.19485  6
-0.2125  0.15155  6
-0.1875  0.10825  6
-0.1375  0.10825  20
-0.1625  0.06495  24
-0.2125  0.06495  12
-0.1125  0.15155  13
-0.0875  0.10825  44
-0.1125  0.06495  54
-0.1375  0.02165  43
-0.1875  0.02165  24
-0.2375  0.02165  6
-0.0875  0.19485  6
-0.0625  0.15155  18
-0.0375  0.10825  34
-0.0625  0.06495  47
-0.0875  0.02165  52
-0.1125  -0.02165  56
-0.1625  -0.02165  62
-0.2125  -0.02165  39
-0.2625  -0.02165  9
-0.2875  0.02165  6
-0.0125  0.15155  14
0.0125  0.10825  22
-0.0125  0.06495  53
-0.0375  0.02165  82
-0.0625  -0.02165  74
-0.0875  -0.06495  78
-0.1375  -0.06495  89
-0.1875  -0.06495  58
-0.2375  -0.06495  28
-0.2875  -0.06495  10
0.0625  0.10825  8
0.0375  0.06495  42
0.0125  0.02165  92
-0.0125  -0.02165  100
-0.0375  -0.06495  77
-0.0625  -0.10825  81
-0.1125  -0.10825  86
-0.1625  -0.10825  85
-0.2125  -0.10825  35
-0.2625  -0.10825  14
0.0875  0.06495  14
0.0625  0.02165  46
0.0375  -0.02165  81
0.0125  -0.06495  62
-0.0125  -0.10825  64
-0.0375  -0.15155  66
-0.0875  -0.15155  60
-0.1375  -0.15155  74
-0.1875  -0.15155  51
-0.2375  -0.15155  36
-0.2875  -0.15155  11
0.1125  0.02165  15
0.0875  -0.02165  41
0.0625  -0.06495  46
0.0375  -0.10825  51
0.0125  -0.15155  52
-0.0125  -0.19485  37
-0.0625  -0.19485  48
-0.1125  -0.19485  63
-0.1625  -0.19485  63
-0.2125  -0.19485  49
-0.2625  -0.19485  31
-0.3125  -0.19485  21
0.1125  -0.06495  28
0.0875  -0.10825  26
0.0625  -0.15155  22
0.0375  -0.19485  22
0.0125  -0.23815  8
-0.0375  -0.23815  24
-0.0875  -0.23815  39
-0.1375  -0.23815  66
-0.1875  -0.23815  52
-0.2375  -0.23815  32
-0.2875  -0.23815  10
-0.3625  -0.19485  9
0.1625  -0.06495  7
0.1375  -0.10825  6
0.1125  -0.15155  13
0.0375  -0.28145  8
-0.0625  -0.28145  13
-0.1125  -0.28145  31
-0.1625  -0.28145  36
-0.2125  -0.28145  35
-0.2625  -0.28145  8
0.0875  -0.28145  8
-0.0375  -0.32475  13
-0.0875  -0.32475  13
-0.1375  -0.32475  21
-0.1875  -0.32475  17
-0.2375  -0.32475  17
0.1375  -0.28145  6
-0.1125  -0.36805  7
-0.1625  -0.36805  11
-0.2125  -0.36805  8
-0.2625  -0.36805  6
-0.3125  -0.36805  7
event_id= 10 nPixels= 56 E= 0.005 x= -0.0012803465128 y= 0.000512211799622 phi= 1.47121584412 theta= 1.28632193392
0.1125  0.36805  11
0.1375  0.32475  6
0.0875  0.32475  22
0.1875  0.32475  6
0.1625  0.28145  7
0.1125  0.28145  60
0.0625  0.28145  124
0.0375  0.32475  18
0.2125  0.36805  6
0.1875  0.23815  8
0.1375  0.23815  43
0.0875  0.23815  226
0.0375  0.23815  332
0.0125  0.28145  95
0.2625  0.36805  9
0.1625  0.19485  17
0.1125  0.19485  151
0.0625  0.19485  423
0.0125  0.19485  400
-0.0125  0.23815  169
-0.0375  0.28145  23
0.1375  0.15155  36
0.0875  0.15155  192
0.0375  0.15155  330
-0.0125  0.15155  193
-0.0375  0.19485  134
-0.0625  0.23815  33
-0.0875  0.28145  6
0.1625  0.10825  8
0.1125  0.10825  36
0.0625  0.10825  122
0.0125  0.10825  149
-0.0375  0.10825  68
-0.0625  0.15155  41
-0.0875  0.19485  12
-0.1125  0.23815  7
0.1375  0.06495  6
0.0875  0.06495  31
0.0375  0.06495  119
-0.0125  0.06495  138
-0.0625  0.06495  51
-0.1125  0.15155  7
0.1125  0.02165  11
0.0625  0.02165  76
0.0125  0.02165  180
-0.0375  0.02165  128
-0.0875  0.02165  27
-0.1125  0.06495  9
0.0875  -0.02165  21
0.0375  -0.02165  90
-0.0125  -0.02165  106
-0.0625  -0.02165  49
-0.1125  -0.02165  8
0.0625  -0.06495  12
0.0125  -0.06495  36
-0.0375  -0.06495  23
event_id= 11 nPixels= 65 E= 0.005 x= -0.000228569716217 y= -0.00208359098434 phi= -0.638573404831 theta= 1.24181313836
-0.0375  0.10825  11
0.0125  0.10825  14
-0.0125  0.06495  51
-0.0625  0.06495  20
0.0625  0.10825  13
0.0375  0.06495  61
0.0125  0.02165  117
-0.0375  0.02165  62
-0.0875  0.02165  24
0.1125  0.10825  12
0.0875  0.06495  40
0.0625  0.02165  108
0.0375  -0.02165  139
-0.0125  -0.02165  100
-0.0625  -0.02165  44
-0.1125  -0.02165  16
-0.1375  0.02165  10
0.1375  0.06495  20
0.1125  0.02165  65
0.0875  -0.02165  93
0.0625  -0.06495  111
0.0125  -0.06495  99
-0.0375  -0.06495  65
-0.0875  -0.06495  31
0.1875  0.06495  15
0.1625  0.02165  41
0.1375  -0.02165  87
0.1125  -0.06495  106
0.0875  -0.10825  126
0.0375  -0.10825  68
-0.0125  -0.10825  51
-0.0625  -0.10825  31
0.2125  0.02165  35
0.1875  -0.02165  76
0.1625  -0.06495  132
0.1375  -0.10825  153
0.1125  -0.15155  90
0.0625  -0.15155  63
0.0125  -0.15155  24
0.2375  -0.02165  40
0.2125  -0.06495  118
0.1875  -0.10825  153
0.1625  -0.15155  121
0.1375  -0.19485  35
0.0875  -0.19485  28
0.0375  -0.19485  7
0.2875  -0.02165  15
0.2625  -0.06495  63
0.2375  -0.10825  103
0.2125  -0.15155  104
0.1875  -0.19485  45
0.1625  -0.23815  7
0.3375  -0.02165  7
0.3125  -0.06495  11
0.2875  -0.10825  32
0.2625  -0.15155  42
0.2375  -0.19485  29
0.2125  -0.23815  16
0.1375  -0.28145  6
0.3375  -0.10825  8
0.3125  -0.15155  9
0.2875  -0.19485  17
0.3375  -0.19485  7
0.3625  -0.23815  7
0.3375  -0.28145  6
event_id= 12 nPixels= 90 E= 0.005 x= 0.000260093808173 y= -0.00108835363388 phi= 0.826989712655 theta= 1.43171658454
0.1625  0.28145  12
0.2125  0.28145  9
0.1875  0.23815  10
0.1375  0.23815  14
0.2375  0.23815  11
0.1625  0.19485  9
0.1125  0.19485  23
0.0875  0.23815  7
0.1875  0.15155  7
0.1375  0.15155  18
0.0875  0.15155  39
0.0625  0.19485  20
0.2125  0.10825  11
0.1625  0.10825  22
0.1125  0.10825  46
0.0625  0.10825  78
0.0375  0.15155  36
0.0125  0.19485  6
0.1875  0.06495  20
0.1375  0.06495  61
0.0875  0.06495  115
0.0375  0.06495  131
0.0125  0.10825  73
-0.0125  0.15155  6
0.2125  0.02165  24
0.1625  0.02165  63
0.1125  0.02165  138
0.0625  0.02165  157
0.0125  0.02165  138
-0.0125  0.06495  96
-0.0375  0.10825  44
-0.0625  0.15155  17
0.2625  0.02165  9
0.2375  -0.02165  22
0.1875  -0.02165  46
0.1375  -0.02165  106
0.0875  -0.02165  164
0.0375  -0.02165  159
-0.0125  -0.02165  105
-0.0375  0.02165  94
-0.0625  0.06495  55
-0.0875  0.10825  17
-0.1125  0.15155  10
0.2875  -0.02165  10
0.2625  -0.06495  10
0.2125  -0.06495  31
0.1625  -0.06495  67
0.1125  -0.06495  139
0.0625  -0.06495  152
0.0125  -0.06495  121
-0.0375  -0.06495  64
-0.0625  -0.02165  53
-0.0875  0.02165  35
-0.1125  0.06495  12
0.2875  -0.10825  7
0.2375  -0.10825  7
0.1875  -0.10825  39
0.1375  -0.10825  98
0.0875  -0.10825  134
0.0375  -0.10825  100
-0.0125  -0.10825  61
-0.0625  -0.10825  26
-0.0875  -0.06495  26
-0.1125  -0.02165  17
-0.1375  0.02165  14
0.2125  -0.15155  11
0.1625  -0.15155  40
0.1125  -0.15155  71
0.0625  -0.15155  65
0.0125  -0.15155  38
-0.0375  -0.15155  8
-0.0875  -0.15155  13
-0.1125  -0.10825  8
-0.1375  -0.06495  8
-0.1875  0.02165  8
0.1875  -0.19485  10
0.1375  -0.19485  27
0.0875  -0.19485  27
0.0375  -0.19485  17
-0.0125  -0.19485  9
-0.0625  -0.19485  7
-0.1375  -0.15155  6
0.1625  -0.23815  7
0.1125  -0.23815  13
0.0625  -0.23815  10
0.0125  -0.23815  7
-0.0375  -0.23815  7
-0.0125  -0.28145  7
0.0125  -0.32475  6
-0.0375  -0.32475  7
event_id= 13 nPixels= 28 E= 0.005 x= 0.00128620743751 y= -0.00176020646095 phi= 0.797686485883 theta= 2.43290141508
-0.0375  0.19485  6
-0.0125  0.15155  15
0.0375  0.15155  19
0.0125  0.10825  85
-0.0375  0.10825  21
0.0875  0.15155  12
0.0625  0.10825  80
0.0375  0.06495  182
-0.0125  0.06495  114
-0.0625  0.06495  26
0.1125  0.10825  21
0.0875  0.06495  78
0.0625  0.02165  116
0.0125  0.02165  177
-0.0375  0.02165  66
-0.0875  0.02165  8
0.1375  0.06495  11
0.1125  0.02165  21
0.0875  -0.02165  24
0.0375  -0.02165  92
-0.0125  -0.02165  76
-0.0625  -0.02165  21
-0.1125  -0.02165  6
0.0625  -0.06495  10
0.0125  -0.06495  35
-0.0375  -0.06495  13
-0.0625  -0.10825  6
-0.1125  -0.10825  6
event_id= 14 nPixels= 71 E= 0.005 x= 0.00105836558342 y= -0.000374654561281 phi= -0.404554710194 theta= 2.74760242647
0.0125  0.28145  6
-0.0125  0.23815  9
0.0125  0.19485  16
-0.0375  0.19485  25
0.0625  0.19485  9
0.0375  0.15155  49
-0.0125  0.15155  49
-0.0625  0.15155  47
-0.0875  0.19485  15
0.0875  0.15155  34
0.0625  0.10825  112
0.0125  0.10825  125
-0.0375  0.10825  98
-0.0875  0.10825  43
-0.1125  0.15155  8
0.1375  0.15155  16
0.1125  0.10825  74
0.0875  0.06495  139
0.0375  0.06495  168
-0.0125  0.06495  130
-0.0625  0.06495  79
-0.1125  0.06495  26
-0.1375  0.10825  14
0.1625  0.10825  27
0.1375  0.06495  96
0.1125  0.02165  139
0.0625  0.02165  171
0.0125  0.02165  149
-0.0375  0.02165  83
-0.0875  0.02165  44
-0.1375  0.02165  14
0.2125  0.10825  8
0.1875  0.06495  34
0.1625  0.02165  81
0.1375  -0.02165  99
0.0875  -0.02165  128
0.0375  -0.02165  158
-0.0125  -0.02165  108
-0.0625  -0.02165  56
-0.1125  -0.02165  27
0.2125  0.02165  30
0.1875  -0.02165  44
0.1625  -0.06495  39
0.1125  -0.06495  70
0.0625  -0.06495  116
0.0125  -0.06495  110
-0.0375  -0.06495  72
-0.0875  -0.06495  28
0.2625  0.02165  7
0.2375  -0.02165  13
0.2125  -0.06495  6
0.1875  -0.10825  15
0.1375  -0.10825  33
0.0875  -0.10825  68
0.0375  -0.10825  100
-0.0125  -0.10825  74
-0.0625  -0.10825  41
-0.1125  -0.10825  8
0.2875  -0.02165  14
0.2625  -0.06495  12
0.1625  -0.15155  28
0.1125  -0.15155  35
0.0625  -0.15155  41
0.0125  -0.15155  48
-0.0375  -0.15155  24
-0.0875  -0.15155  9
-0.1625  -0.10825  6
0.1375  -0.19485  10
0.0875  -0.19485  14
0.0375  -0.19485  20
-0.0125  -0.19485  10
event_id= 15 nPixels= 42 E= 0.005 x= -6.28667175793e-05 y= 0.00236545872688 phi= 0.961118679176 theta= 1.27976878004
0.0625  0.19485  6
0.1125  0.19485  9
0.0875  0.15155  62
0.0375  0.15155  20
0.1375  0.15155  77
0.1125  0.10825  313
0.0625  0.10825  150
0.0125  0.10825  41
0.1875  0.15155  33
0.1625  0.10825  233
0.1375  0.06495  541
0.0875  0.06495  370
0.0375  0.06495  145
-0.0125  0.06495  45
0.2375  0.15155  6
0.2125  0.10825  79
0.1875  0.06495  278
0.1625  0.02165  358
0.1125  0.02165  399
0.0625  0.02165  175
0.0125  0.02165  95
-0.0375  0.02165  32
0.2625  0.19485  7
0.2375  0.06495  50
0.2125  0.02165  111
0.1875  -0.02165  76
0.1375  -0.02165  133
0.0875  -0.02165  92
0.0375  -0.02165  62
-0.0125  -0.02165  42
-0.0625  -0.02165  7
-0.0875  0.02165  6
0.2875  0.06495  7
0.2625  0.02165  11
0.2375  -0.02165  15
0.2125  -0.06495  10
0.1625  -0.06495  14
0.1125  -0.06495  13
0.0625  -0.06495  9
0.0125  -0.06495  16
0.0375  -0.10825  9
-0.0125  -0.10825  6
event_id= 16 nPixels= 86 E= 0.005 x= 0.000868794381617 y= 0.00143923377991 phi= -0.0426980054192 theta= 1.48119181263
0.0125  0.19485  8
0.0625  0.19485  8
-0.0125  0.15155  6
0.0875  0.15155  8
0.0125  0.10825  17
-0.0375  0.10825  17
0.1375  0.15155  6
0.1125  0.10825  14
0.0625  0.10825  27
0.0375  0.06495  50
-0.0125  0.06495  51
-0.0625  0.06495  23
0.1625  0.10825  6
0.1375  0.06495  47
0.0875  0.06495  48
0.0625  0.02165  65
0.0125  0.02165  70
-0.0375  0.02165  70
-0.0875  0.02165  32
0.2125  0.10825  10
0.1875  0.06495  41
0.1625  0.02165  141
0.1125  0.02165  91
0.0875  -0.02165  100
0.0375  -0.02165  63
-0.0125  -0.02165  70
-0.0625  -0.02165  39
-0.1375  0.02165  6
0.2375  0.06495  40
0.2125  0.02165  157
0.1875  -0.02165  264
0.1375  -0.02165  178
0.1125  -0.06495  122
0.0625  -0.06495  53
0.0125  -0.06495  42
-0.0375  -0.06495  45
-0.0875  -0.06495  14
-0.1625  -0.02165  6
0.2875  0.06495  28
0.2625  0.02165  95
0.2375  -0.02165  258
0.2125  -0.06495  323
0.1625  -0.06495  251
0.1375  -0.10825  101
0.0875  -0.10825  45
0.0375  -0.10825  22
-0.0125  -0.10825  19
-0.0625  -0.10825  14
-0.1125  -0.10825  7
-0.1375  -0.06495  6
0.3375  0.06495  8
0.3125  0.02165  29
0.2875  -0.02165  131
0.2625  -0.06495  245
0.2375  -0.10825  205
0.1875  -0.10825  190
0.1625  -0.15155  59
0.1125  -0.15155  23
0.0625  -0.15155  14
0.0125  -0.15155  7
-0.0375  -0.15155  13
0.3375  -0.02165  34
0.3125  -0.06495  67
0.2875  -0.10825  112
0.2625  -0.15155  83
0.2125  -0.15155  94
0.1875  -0.19485  27
0.1375  -0.19485  13
0.0875  -0.19485  10
0.3625  -0.06495  11
0.3375  -0.10825  33
0.3125  -0.15155  46
0.2875  -0.19485  32
0.2375  -0.19485  19
0.1625  -0.23815  9
0.4125  -0.06495  7
0.3875  -0.10825  10
0.3625  -0.15155  17
0.3375  -0.19485  11
0.3125  -0.23815  7
0.2625  -0.23815  6
0.4375  -0.10825  7
0.3875  -0.19485  9
0.3625  -0.23815  7
0.4375  -0.19485  7
0.4125  -0.23815  9
event_id= 17 nPixels= 117 E= 0.005 x= 0.000373538523911 y= 0.000940501630306 phi= -1.04691536366 theta= 1.73166861117
-0.2375  0.19485  8
-0.2125  0.15155  10
-0.1875  0.10825  6
-0.1625  0.06495  6
-0.1375  0.02165  6
-0.1125  -0.02165  6
-0.0625  -0.02165  12
-0.0875  -0.06495  7
-0.0375  0.02165  9
-0.0125  -0.02165  12
-0.0375  -0.06495  14
-0.0625  -0.10825  21
-0.1125  -0.10825  9
-0.0125  0.06495  21
0.0125  0.02165  20
0.0375  -0.02165  19
0.0125  -0.06495  20
-0.0125  -0.10825  27
-0.0375  -0.15155  20
-0.0875  -0.15155  9
0.0125  0.10825  15
0.0375  0.06495  22
0.0625  0.02165  21
0.0875  -0.02165  16
0.0625  -0.06495  27
0.0375  -0.10825  37
0.0125  -0.15155  32
-0.0125  -0.19485  15
-0.0625  -0.19485  10
0.0375  0.15155  18
0.0625  0.10825  15
-0.0125  0.15155  7
0.0875  0.06495  9
0.1125  0.02165  7
0.1375  -0.02165  6
0.1125  -0.06495  16
0.0875  -0.10825  45
0.0625  -0.15155  47
0.0375  -0.19485  38
0.0125  -0.23815  36
-0.0375  -0.23815  25
0.0625  0.19485  11
0.0875  0.15155  10
0.1125  0.10825  9
0.1625  0.02165  7
0.1875  -0.02165  10
0.1375  -0.10825  36
0.1125  -0.15155  41
0.0875  -0.19485  38
0.0625  -0.23815  56
0.0375  -0.28145  96
-0.0125  -0.28145  56
-0.0625  -0.28145  12
0.1625  0.10825  8
0.2375  -0.02165  7
0.1875  -0.10825  8
0.1625  -0.15155  20
0.1375  -0.19485  26
0.1125  -0.23815  36
0.0875  -0.28145  70
0.0625  -0.32475  106
0.0125  -0.32475  96
-0.0375  -0.32475  36
0.2125  -0.15155  9
0.1625  -0.23815  19
0.1375  -0.28145  47
0.1125  -0.32475  67
0.0875  -0.36805  76
0.0375  -0.36805  65
-0.0125  -0.36805  33
-0.0625  -0.36805  14
0.2125  -0.23815  10
0.1875  -0.28145  34
0.1625  -0.32475  46
0.1375  -0.36805  86
0.1125  -0.41135  74
0.0625  -0.41135  48
0.0125  -0.41135  29
-0.0375  -0.41135  14
0.2625  -0.23815  7
0.2375  -0.28145  18
0.2125  -0.32475  32
0.1875  -0.36805  65
0.1625  -0.41135  104
0.1375  -0.45465  93
0.0875  -0.45465  40
0.0375  -0.45465  16
-0.0125  -0.45465  8
0.2875  -0.28145  13
0.2625  -0.32475  15
0.2375  -0.36805  28
0.2125  -0.41135  58
0.1875  -0.45465  98
0.1625  -0.49795  68
0.1125  -0.49795  48
0.0625  -0.49795  11
0.0125  -0.49795  7
0.2875  -0.36805  8
0.2625  -0.41135  28
0.2375  -0.45465  53
0.2125  -0.49795  57
0.1875  -0.54125  44
0.1375  -0.54125  41
0.0875  -0.54125  27
0.3125  -0.41135  8
0.2875  -0.45465  18
0.2625  -0.49795  16
0.2375  -0.54125  22
0.2125  -0.58455  9
0.1625  -0.58455  27
0.1125  -0.58455  33
0.3375  -0.45465  6
0.3125  -0.49795  13
0.2875  -0.54125  20
0.2625  -0.58455  9
0.1375  -0.62785  19
0.0875  -0.62785  10
event_id= 18 nPixels= 77 E= 0.005 x= 0.000932491302488 y= -0.00238990712166 phi= -2.65509674155 theta= 2.27926127082
-0.1375  0.10825  10
-0.0875  0.10825  6
-0.1125  0.06495  20
-0.0375  0.10825  14
-0.0625  0.06495  32
-0.0875  0.02165  60
-0.1375  0.02165  22
-0.0125  0.06495  37
-0.0375  0.02165  81
-0.0625  -0.02165  140
-0.1125  -0.02165  86
-0.1625  -0.02165  38
0.0375  0.06495  16
0.0125  0.02165  63
-0.0125  -0.02165  111
-0.0375  -0.06495  110
-0.0875  -0.06495  134
-0.1375  -0.06495  133
-0.1875  -0.06495  73
-0.2125  -0.02165  9
0.0625  0.02165  19
0.0375  -0.02165  47
0.0125  -0.06495  60
-0.0125  -0.10825  32
-0.0625  -0.10825  79
-0.1125  -0.10825  155
-0.1625  -0.10825  151
-0.2125  -0.10825  77
-0.2375  -0.06495  27
0.0875  -0.02165  17
0.0625  -0.06495  30
0.0375  -0.10825  18
0.0125  -0.15155  8
-0.0375  -0.15155  17
-0.0875  -0.15155  82
-0.1375  -0.15155  132
-0.1875  -0.15155  122
-0.2375  -0.15155  107
-0.2625  -0.10825  50
-0.2875  -0.06495  6
0.1125  -0.06495  6
-0.0625  -0.19485  20
-0.1125  -0.19485  67
-0.1625  -0.19485  118
-0.2125  -0.19485  140
-0.2625  -0.19485  168
-0.2875  -0.15155  96
-0.3125  -0.10825  26
-0.3375  -0.06495  6
0.1625  -0.06495  9
-0.0375  -0.23815  6
-0.0875  -0.23815  16
-0.1375  -0.23815  50
-0.1875  -0.23815  97
-0.2375  -0.23815  164
-0.2875  -0.23815  170
-0.3125  -0.19485  159
-0.3375  -0.15155  50
-0.3625  -0.10825  7
-0.3875  -0.06495  9
-0.1125  -0.28145  15
-0.1625  -0.28145  38
-0.2125  -0.28145  58
-0.2625  -0.28145  84
-0.3125  -0.28145  74
-0.3375  -0.23815  108
-0.3625  -0.19485  68
-0.3875  -0.15155  17
-0.4125  -0.02165  9
-0.1875  -0.32475  18
-0.2375  -0.32475  23
-0.2875  -0.32475  25
-0.3375  -0.32475  15
-0.3625  -0.28145  22
-0.3875  -0.23815  32
-0.4125  -0.19485  18
-0.3125  -0.36805  6
event_id= 19 nPixels= 146 E= 0.005 x= 0.000550657570361 y= -0.00024699421227 phi= -0.755639355375 theta= 1.50383416512
0.0625  0.10825  12
0.1125  0.10825  13
0.0875  0.06495  20
0.0375  0.06495  24
0.1625  0.10825  6
0.1375  0.06495  20
0.1125  0.02165  19
0.0625  0.02165  19
0.0125  0.02165  35
-0.0125  0.06495  23
0.1875  0.06495  10
0.1625  0.02165  24
0.1375  -0.02165  35
0.0875  -0.02165  23
0.0375  -0.02165  20
-0.0125  -0.02165  18
-0.0375  0.02165  17
-0.0625  0.06495  10
0.2125  0.02165  9
0.1875  -0.02165  15
0.1625  -0.06495  42
0.1125  -0.06495  51
0.0625  -0.06495  30
0.0125  -0.06495  17
-0.0375  -0.06495  13
-0.0625  -0.02165  17
-0.0875  0.02165  13
0.2125  -0.06495  18
0.1875  -0.10825  35
0.1375  -0.10825  54
0.0875  -0.10825  40
0.0375  -0.10825  32
-0.0125  -0.10825  20
-0.0625  -0.10825  9
-0.0875  -0.06495  12
0.2625  -0.06495  9
0.2375  -0.10825  10
0.2125  -0.15155  35
0.1625  -0.15155  57
0.1125  -0.15155  57
0.0625  -0.15155  56
0.0125  -0.15155  45
-0.0375  -0.15155  21
-0.1125  -0.10825  13
-0.1375  -0.06495  19
0.2875  -0.10825  16
0.2625  -0.15155  27
0.2375  -0.19485  61
0.1875  -0.19485  62
0.1375  -0.19485  67
0.0875  -0.19485  56
0.0375  -0.19485  59
-0.0125  -0.19485  38
-0.0625  -0.19485  11
-0.1625  -0.10825  8
-0.1875  -0.06495  15
-0.1625  -0.02165  13
0.3375  -0.10825  11
0.3125  -0.15155  27
0.2875  -0.19485  32
0.2625  -0.23815  68
0.2125  -0.23815  93
0.1625  -0.23815  89
0.1125  -0.23815  65
0.0625  -0.23815  48
0.0125  -0.23815  32
-0.0375  -0.23815  10
-0.2125  -0.10825  9
-0.2375  -0.06495  6
-0.2125  -0.02165  15
-0.1875  0.02165  9
0.3875  -0.10825  7
0.3625  -0.15155  14
0.3375  -0.19485  26
0.3125  -0.23815  46
0.2875  -0.28145  78
0.2375  -0.28145  104
0.1875  -0.28145  104
0.1375  -0.28145  70
0.0875  -0.28145  48
0.0375  -0.28145  35
-0.0125  -0.28145  8
-0.0625  -0.28145  8
-0.2875  -0.06495  6
0.4125  -0.15155  11
0.3875  -0.19485  19
0.3625  -0.23815  39
0.3375  -0.28145  51
0.3125  -0.32475  63
0.2625  -0.32475  100
0.2125  -0.32475  96
0.1625  -0.32475  80
0.1125  -0.32475  52
0.0625  -0.32475  37
0.0125  -0.32475  27
-0.0375  -0.32475  18
0.4375  -0.19485  7
0.4125  -0.23815  17
0.3875  -0.28145  34
0.3625  -0.32475  32
0.3375  -0.36805  49
0.2875  -0.36805  64
0.2375  -0.36805  71
0.1875  -0.36805  77
0.1375  -0.36805  50
0.0875  -0.36805  25
0.0375  -0.36805  21
-0.0125  -0.36805  22
-0.0625  -0.36805  15
0.4375  -0.28145  11
0.4125  -0.32475  10
0.3875  -0.36805  31
0.3625  -0.41135  17
0.3125  -0.41135  28
0.2625  -0.41135  41
0.2125  -0.41135  52
0.1625  -0.41135  46
0.1125  -0.41135  21
0.0625  -0.41135  11
0.0125  -0.41135  10
0.4625  -0.32475  7
0.4375  -0.36805  6
0.4125  -0.41135  10
0.3875  -0.45465  7
0.3375  -0.45465  6
0.2875  -0.45465  15
0.2375  -0.45465  23
0.1875  -0.45465  20
0.1375  -0.45465  16
0.0875  -0.45465  12
-0.0125  -0.45465  9
0.4875  -0.36805  7
0.4625  -0.41135  6
0.3625  -0.49795  8
0.3125  -0.49795  8
0.2625  -0.49795  9
0.2125  -0.49795  10
0.1625  -0.49795  7
0.1125  -0.49795  8
0.0625  -0.49795  9
-0.0375  -0.49795  10
0.5375  -0.36805  6
0.3875  -0.54125  7
0.3375  -0.54125  8
0.2375  -0.54125  7
0.0875  -0.54125  7
event_id= 20 nPixels= 97 E= 0.005 x= -0.000149854987862 y= 0.00230368232727 phi= -0.751634149936 theta= 2.25023675918
-0.0125  0.15155  10
0.0125  0.10825  11
-0.0375  0.10825  13
0.0625  0.10825  10
0.0375  0.06495  26
-0.0125  0.06495  25
-0.0625  0.06495  16
0.0875  0.06495  15
0.0625  0.02165  32
0.0125  0.02165  58
-0.0375  0.02165  28
-0.0875  0.02165  15
0.1375  0.06495  9
0.1125  0.02165  22
0.0875  -0.02165  34
0.0375  -0.02165  43
-0.0125  -0.02165  48
-0.0625  -0.02165  18
-0.1125  -0.02165  6
-0.1375  0.02165  6
0.1875  0.06495  8
0.1625  0.02165  20
0.1375  -0.02165  25
0.1125  -0.06495  33
0.0625  -0.06495  45
0.0125  -0.06495  35
-0.0375  -0.06495  16
0.2375  0.06495  7
0.1875  -0.02165  10
0.1625  -0.06495  29
0.1375  -0.10825  61
0.0875  -0.10825  66
0.0375  -0.10825  52
-0.0125  -0.10825  29
-0.0625  -0.10825  8
0.2125  -0.06495  15
0.1875  -0.10825  47
0.1625  -0.15155  68
0.1125  -0.15155  77
0.0625  -0.15155  55
0.0125  -0.15155  26
-0.0375  -0.15155  6
-0.0875  -0.15155  7
0.2625  -0.06495  11
0.2375  -0.10825  23
0.2125  -0.15155  75
0.1875  -0.19485  79
0.1375  -0.19485  62
0.0875  -0.19485  42
0.0375  -0.19485  15
-0.0125  -0.19485  6
0.2875  -0.10825  9
0.2625  -0.15155  56
0.2375  -0.19485  117
0.2125  -0.23815  125
0.1625  -0.23815  64
0.1125  -0.23815  25
0.0625  -0.23815  8
0.3125  -0.15155  32
0.2875  -0.19485  118
0.2625  -0.23815  168
0.2375  -0.28145  189
0.1875  -0.28145  118
0.1375  -0.28145  26
0.3625  -0.15155  16
0.3375  -0.19485  61
0.3125  -0.23815  159
0.2875  -0.28145  191
0.2625  -0.32475  154
0.2125  -0.32475  139
0.1625  -0.32475  63
0.1125  -0.32475  11
0.3875  -0.19485  20
0.3625  -0.23815  88
0.3375  -0.28145  134
0.3125  -0.32475  109
0.2875  -0.36805  58
0.2375  -0.36805  71
0.1875  -0.36805  54
0.1375  -0.36805  19
0.4375  -0.19485  7
0.4125  -0.23815  29
0.3875  -0.28145  77
0.3625  -0.32475  63
0.3375  -0.36805  38
0.3125  -0.41135  10
0.2625  -0.41135  20
0.2125  -0.41135  12
0.4375  -0.28145  18
0.4125  -0.32475  24
0.3875  -0.36805  20
0.3625  -0.41135  15
0.2375  -0.45465  8
0.4625  -0.32475  10
0.4375  -0.36805  9
0.4125  -0.41135  11
0.2125  -0.49795  6
event_id= 21 nPixels= 72 E= 0.005 x= -7.15749040264e-05 y= -0.000455983132124 phi= 2.6087651682 theta= 0.639275942406
-0.0625  0.32475  9
-0.0125  0.32475  8
-0.0375  0.28145  18
0.0125  0.28145  20
-0.0125  0.23815  59
-0.0625  0.23815  34
0.0625  0.28145  10
0.0375  0.23815  56
0.0125  0.19485  127
-0.0375  0.19485  106
-0.0875  0.19485  48
0.0875  0.23815  40
0.0625  0.19485  117
0.0375  0.15155  163
-0.0125  0.15155  186
-0.0625  0.15155  132
-0.1125  0.15155  49
-0.1375  0.19485  13
0.1375  0.23815  10
0.1125  0.19485  59
0.0875  0.15155  113
0.0625  0.10825  123
0.0125  0.10825  179
-0.0375  0.10825  219
-0.0875  0.10825  133
-0.1375  0.10825  30
-0.1625  0.15155  10
0.1625  0.19485  14
0.1375  0.15155  48
0.1125  0.10825  81
0.0875  0.06495  70
0.0375  0.06495  127
-0.0125  0.06495  195
-0.0625  0.06495  174
-0.1125  0.06495  81
-0.1625  0.06495  12
0.2125  0.19485  8
0.1875  0.15155  15
0.1625  0.10825  27
0.1375  0.06495  20
0.1125  0.02165  18
0.0625  0.02165  64
0.0125  0.02165  143
-0.0375  0.02165  160
-0.0875  0.02165  93
-0.1375  0.02165  29
0.1875  0.06495  13
0.1375  -0.02165  8
0.0875  -0.02165  27
0.0375  -0.02165  78
-0.0125  -0.02165  114
-0.0625  -0.02165  73
-0.1125  -0.02165  27
0.2125  0.02165  6
0.1875  -0.02165  6
0.0625  -0.06495  35
0.0125  -0.06495  71
-0.0375  -0.06495  46
-0.0875  -0.06495  22
-0.1375  -0.06495  10
0.0875  -0.10825  9
0.0375  -0.10825  27
-0.0125  -0.10825  24
-0.0625  -0.10825  15
-0.1125  -0.10825  13
0.0625  -0.15155  9
0.0125  -0.15155  15
-0.0375  -0.15155  8
-0.0875  -0.15155  11
-0.1375  -0.15155  15
-0.0125  -0.19485  9
0.0125  -0.23815  7
event_id= 22 nPixels= 69 E= 0.005 x= 0.000640440583227 y= -0.0001549821347 phi= 2.47534971276 theta= 0.725644030115
-0.4125  0.32475  9
-0.3625  0.32475  36
-0.3875  0.28145  41
-0.4375  0.28145  6
-0.3125  0.32475  57
-0.3375  0.28145  129
-0.3625  0.23815  107
-0.4125  0.23815  22
-0.4625  0.23815  7
-0.2625  0.32475  39
-0.2875  0.28145  179
-0.3125  0.23815  255
-0.3375  0.19485  132
-0.3875  0.19485  30
-0.4375  0.19485  9
-0.4875  0.19485  12
-0.2125  0.32475  12
-0.2375  0.28145  97
-0.2625  0.23815  252
-0.2875  0.19485  220
-0.3125  0.15155  70
-0.3625  0.15155  24
-0.1875  0.28145  32
-0.2125  0.23815  137
-0.2375  0.19485  207
-0.2625  0.15155  111
-0.2875  0.10825  19
-0.3375  0.10825  7
-0.1625  0.23815  37
-0.1875  0.19485  97
-0.2125  0.15155  116
-0.2375  0.10825  53
-0.2625  0.06495  12
-0.1375  0.19485  37
-0.1625  0.15155  70
-0.1875  0.10825  80
-0.2125  0.06495  32
-0.2375  0.02165  6
-0.0875  0.19485  15
-0.1125  0.15155  38
-0.1375  0.10825  66
-0.1625  0.06495  35
-0.1875  0.02165  8
-0.2625  -0.02165  6
-0.0625  0.15155  21
-0.0875  0.10825  55
-0.1125  0.06495  53
-0.1375  0.02165  14
-0.2375  -0.06495  6
-0.0125  0.15155  15
-0.0375  0.10825  52
-0.0625  0.06495  72
-0.0875  0.02165  44
-0.1125  -0.02165  8
0.0125  0.10825  24
-0.0125  0.06495  54
-0.0375  0.02165  65
-0.0625  -0.02165  42
-0.0875  -0.06495  11
0.0375  0.06495  19
0.0125  0.02165  53
-0.0125  -0.02165  59
-0.0375  -0.06495  22
0.0625  0.02165  11
0.0375  -0.02165  49
0.0125  -0.06495  33
0.0875  -0.02165  11
0.0625  -0.06495  12
0.0375  -0.10825  8
event_id= 23 nPixels= 45 E= 0.005 x= 0.000821438491342 y= -1.73323806375e-05 phi= 0.848096661312 theta= 0.966151643587
0.0875  0.23815  31
0.1375  0.23815  53
0.1125  0.19485  202
0.0625  0.19485  81
0.1875  0.23815  26
0.1625  0.19485  199
0.1375  0.15155  424
0.0875  0.15155  247
0.0375  0.15155  51
0.0125  0.19485  6
0.2125  0.19485  75
0.1875  0.15155  271
0.1625  0.10825  385
0.1125  0.10825  341
0.0625  0.10825  124
0.0125  0.10825  29
-0.0125  0.15155  12
0.2625  0.19485  10
0.2375  0.15155  69
0.2125  0.10825  173
0.1875  0.06495  141
0.1375  0.06495  175
0.0875  0.06495  108
0.0375  0.06495  91
-0.0125  0.06495  45
0.2875  0.15155  6
0.2625  0.10825  22
0.2375  0.06495  33
0.2125  0.02165  14
0.1625  0.02165  44
0.1125  0.02165  46
0.0625  0.02165  78
0.0125  0.02165  99
-0.0375  0.02165  40
-0.0625  0.06495  8
0.2625  0.02165  10
0.1375  -0.02165  11
0.0875  -0.02165  29
0.0375  -0.02165  64
-0.0125  -0.02165  64
-0.0625  -0.02165  14
-0.0875  0.02165  6
0.0625  -0.06495  11
0.0125  -0.06495  20
-0.0375  -0.06495  16
event_id= 24 nPixels= 76 E= 0.005 x= 0.000585091233252 y= 0.000531893193722 phi= 1.53515796388 theta= 1.03236083627
-0.1125  0.32475  8
-0.0625  0.32475  12
-0.0875  0.28145  29
-0.1375  0.28145  13
-0.0125  0.32475  16
-0.0375  0.28145  46
-0.0625  0.23815  88
-0.1125  0.23815  50
-0.1625  0.23815  23
-0.1875  0.28145  9
0.0125  0.28145  30
-0.0125  0.23815  111
-0.0375  0.19485  176
-0.0875  0.19485  102
-0.1375  0.19485  54
-0.1875  0.19485  26
-0.2125  0.23815  14
0.0625  0.28145  10
0.0375  0.23815  76
0.0125  0.19485  198
-0.0125  0.15155  253
-0.0625  0.15155  188
-0.1125  0.15155  94
-0.1625  0.15155  48
-0.2125  0.15155  11
-0.2375  0.19485  8
0.0875  0.23815  30
0.0625  0.19485  93
0.0375  0.15155  182
0.0125  0.10825  175
-0.0375  0.10825  195
-0.0875  0.10825  122
-0.1375  0.10825  62
-0.1875  0.10825  24
0.1375  0.23815  8
0.1125  0.19485  24
0.0875  0.15155  67
0.0625  0.10825  85
0.0375  0.06495  66
-0.0125  0.06495  111
-0.0625  0.06495  104
-0.1125  0.06495  47
-0.1625  0.06495  25
0.1625  0.19485  11
0.1375  0.15155  33
0.1125  0.10825  43
0.0875  0.06495  27
0.0625  0.02165  46
0.0125  0.02165  62
-0.0375  0.02165  79
-0.0875  0.02165  50
-0.1375  0.02165  19
0.1875  0.15155  15
0.1625  0.10825  20
0.1375  0.06495  21
0.1125  0.02165  20
0.0875  -0.02165  27
0.0375  -0.02165  44
-0.0125  -0.02165  56
-0.0625  -0.02165  45
-0.1125  -0.02165  13
-0.1625  -0.02165  7
0.2125  0.10825  7
0.1875  0.06495  8
0.1375  -0.02165  11
0.1125  -0.06495  7
0.0625  -0.06495  23
0.0125  -0.06495  38
-0.0375  -0.06495  27
-0.0875  -0.06495  8
-0.1375  -0.06495  6
0.0375  -0.10825  18
-0.0125  -0.10825  19
-0.0625  -0.10825  10
0.0125  -0.15155  6
0.0375  -0.19485  6
event_id= 25 nPixels= 83 E= 0.005 x= -0.000500491261484 y= 0.00132072007656 phi= -2.18907036136 theta= 1.82552304345
0.0375  0.15155  8
0.0125  0.10825  9
0.0375  0.06495  10
-0.0125  0.06495  24
0.0625  0.02165  26
0.0125  0.02165  56
-0.0375  0.02165  63
-0.0625  0.06495  15
0.1125  0.02165  10
0.0875  -0.02165  22
0.0375  -0.02165  62
-0.0125  -0.02165  100
-0.0625  -0.02165  75
-0.0875  0.02165  40
-0.1125  0.06495  11
-0.0875  0.10825  10
0.1625  0.02165  6
0.1375  -0.02165  10
0.1125  -0.06495  17
0.0625  -0.06495  51
0.0125  -0.06495  78
-0.0375  -0.06495  96
-0.0875  -0.06495  79
-0.1125  -0.02165  55
-0.1375  0.02165  22
-0.1625  0.06495  12
0.1875  0.06495  6
0.1375  -0.10825  8
0.0875  -0.10825  24
0.0375  -0.10825  42
-0.0125  -0.10825  49
-0.0625  -0.10825  66
-0.1125  -0.10825  85
-0.1375  -0.06495  65
-0.1625  -0.02165  33
-0.1875  0.02165  13
0.0625  -0.15155  12
0.0125  -0.15155  24
-0.0375  -0.15155  45
-0.0875  -0.15155  76
-0.1375  -0.15155  155
-0.1625  -0.10825  125
-0.1875  -0.06495  57
-0.2125  -0.02165  17
0.0375  -0.19485  7
-0.0125  -0.19485  20
-0.0625  -0.19485  50
-0.1125  -0.19485  111
-0.1625  -0.19485  160
-0.1875  -0.15155  178
-0.2125  -0.10825  123
-0.2375  -0.06495  42
-0.2625  -0.02165  18
-0.0375  -0.23815  21
-0.0875  -0.23815  48
-0.1375  -0.23815  85
-0.1875  -0.23815  92
-0.2125  -0.19485  138
-0.2375  -0.15155  125
-0.2625  -0.10825  68
-0.2875  -0.06495  23
-0.1125  -0.28145  30
-0.1625  -0.28145  32
-0.2125  -0.28145  32
-0.2375  -0.23815  78
-0.2625  -0.19485  105
-0.2875  -0.15155  71
-0.3125  -0.10825  29
-0.3375  -0.06495  13
-0.1375  -0.32475  13
-0.1875  -0.32475  8
-0.2625  -0.28145  39
-0.2875  -0.23815  51
-0.3125  -0.19485  36
-0.3375  -0.15155  23
-0.3625  -0.10825  15
-0.3625  -0.02165  8
-0.2875  -0.32475  8
-0.3125  -0.28145  11
-0.3375  -0.23815  19
-0.3625  -0.19485  11
-0.3875  -0.15155  9
-0.3375  0.02165  10
event_id= 26 nPixels= 85 E= 0.005 x= 0.000545695304869 y= -0.000425099551678 phi= -1.70598710564 theta= 2.20370563577
-0.0375  0.19485  7
-0.0125  0.15155  27
-0.0625  0.15155  12
0.0375  0.15155  9
0.0125  0.10825  50
-0.0375  0.10825  56
-0.0875  0.10825  39
-0.1125  0.15155  6
0.0625  0.10825  23
0.0375  0.06495  48
-0.0125  0.06495  86
-0.0625  0.06495  86
-0.1125  0.06495  59
-0.1375  0.10825  23
-0.1625  0.15155  6
0.0875  0.06495  17
0.0625  0.02165  58
0.0125  0.02165  103
-0.0375  0.02165  121
-0.0875  0.02165  87
-0.1375  0.02165  79
-0.1625  0.06495  53
-0.1875  0.10825  16
0.1125  0.02165  21
0.0875  -0.02165  44
0.0375  -0.02165  91
-0.0125  -0.02165  109
-0.0625  -0.02165  117
-0.1125  -0.02165  124
-0.1625  -0.02165  112
-0.1875  0.02165  60
-0.2125  0.06495  30
-0.2375  0.10825  17
0.1375  -0.02165  18
0.1125  -0.06495  18
0.0625  -0.06495  56
0.0125  -0.06495  98
-0.0375  -0.06495  127
-0.0875  -0.06495  144
-0.1375  -0.06495  158
-0.1875  -0.06495  124
-0.2125  -0.02165  81
-0.2375  0.02165  43
-0.2625  0.06495  36
-0.2875  0.10825  6
0.0875  -0.10825  25
0.0375  -0.10825  60
-0.0125  -0.10825  90
-0.0625  -0.10825  101
-0.1125  -0.10825  137
-0.1625  -0.10825  112
-0.2125  -0.10825  82
-0.2375  -0.06495  78
-0.2625  -0.02165  46
-0.2875  0.02165  36
-0.3125  0.06495  17
-0.3375  0.10825  8
0.1125  -0.15155  8
0.0625  -0.15155  22
0.0125  -0.15155  50
-0.0375  -0.15155  55
-0.0875  -0.15155  58
-0.1375  -0.15155  57
-0.1875  -0.15155  38
-0.2375  -0.15155  18
-0.2625  -0.10825  40
-0.2875  -0.06495  28
-0.3125  -0.02165  22
-0.3375  0.02165  21
-0.3625  0.06495  9
0.0375  -0.19485  19
-0.0125  -0.19485  24
-0.0625  -0.19485  22
-0.1125  -0.19485  19
-0.3125  -0.10825  9
-0.3375  -0.06495  21
-0.3625  -0.02165  22
-0.3875  0.02165  7
-0.0375  -0.23815  14
-0.3875  -0.06495  18
-0.4125  -0.02165  13
-0.0125  -0.28145  7
-0.0625  -0.28145  6
0.0375  -0.28145  11
0.0875  -0.28145  8
